-1.444855189913824278e-01
-1.482370916862960852e+00
1.090646642457483856e-01
-5.717110406774754683e-01
5.504698472197123715e-01
-1.399054683815857292e+00
2.949194657637182679e-02
-8.547422713821603013e-01
6.478715547216710169e-01
5.190904325973556555e-01
1.850175330307961552e+00
3.705393050677553979e-01
8.694679763002853834e-01
-1.366302750576359859e+00
3.012353230220852010e-02
-1.111158844047437921e-01
-2.435355514459995874e-01
-1.837319271917761121e+00
-9.457596230159888429e-02
8.667513417154122379e-01
1.198964429484409844e-01
7.731149303531551498e-01
-7.662042457331244005e-01
1.071071479319952058e+00
-1.803500730781039119e-01
-4.149650759265039457e-01
-4.590253312858347257e-01
-4.451543851308341071e-01
9.738186419011782835e-01
-3.878396447070864284e-01
7.157065160549137550e-01
1.444163813605489344e-01
6.765005586948900085e-01
-4.838298703405029544e-01
-2.692694150921141616e-01
1.121596799487844631e+00
4.472914370103607817e-01
-6.027680164670655705e-01
1.472958365712911055e+00
-5.456955660939646346e-01
5.500836722546973423e-01
-1.699885778569772077e+00
2.112236260530334642e-01
9.401103943111919214e-01
1.388448283337425204e+00
-5.578205358205671205e-01
-1.539639922848659470e+00
-1.350388258125296170e+00
1.100269115640404027e-01
3.033995102880047146e-01
-1.138858088863998752e+00
2.602179612293678446e+00
-3.945831811727720795e-01
3.605385741536524802e-01
1.141786735044898249e+00
-9.386218056427323431e-01
4.942660051939181676e-01
3.193690345903416050e-01
-1.263671487821822481e+00
-6.310480710335781840e-01
1.274710066693713062e-01
-2.580473589393891820e-01
7.472885957903641074e-02
1.407115409187489563e+00
1.384924280572738253e-01
-2.317773538111109199e-01
1.303768392357788519e+00
-1.671570556335687741e+00
-9.497219317545955164e-01
-1.022964088738413047e+00
1.871332131070750027e+00
9.562105746840406928e-01
-2.974398433856804136e-01
5.034295780641604434e-01
-8.210777047152927333e-01
2.156112227073328835e+00
-1.421571395134156868e+00
9.192330271605936298e-01
-4.563494744461403518e-02
-6.259942809399716701e-01
-1.176177724199367836e+00
-4.312727903334306334e-01
4.748499954186648220e-02
-8.179946163652511704e-01
5.314455667564949026e-01
2.117637807187026100e-01
-7.998472462919197223e-01
-6.943437353883251673e-01
-4.180760629007618800e-01
-5.873984733421621085e-01
-1.308697458689763504e+00
-1.504117536763601715e+00
5.522645731537306757e-01
5.546741222843756258e-01
7.538850863753036036e-01
5.960609715668636621e-01
1.163213503381198555e+00
-1.106120315169378365e+00
4.671258610490138796e-01
6.329657639147592274e-01
-2.322194759289100408e-01
-8.723556298288897004e-01
9.881769704460924286e-02
4.756349968104852666e-01
-9.217338594308603916e-01
1.010482107299934151e+00
1.018888155236987281e+00
-6.086370207497813212e-01
-1.629179294010053125e+00
-1.184699679348680534e-01
-2.420811243628958331e-01
-9.420781900169212797e-01
1.617362510351460170e+00
1.157520583064995723e+00
1.421850426402140530e-02
7.174663970706257610e-02
1.716944165024204549e+00
4.409315619648432327e-01
-1.413207157305021722e-01
-1.487778637469719056e+00
-3.911667345352438652e-01
4.713033827181074831e-02
-1.245174061606347582e+00
8.568765394262566060e-02
-2.102439657211829793e-01
-5.723708297711144199e-01
-1.276810445915438796e+00
3.229575580537452639e-02
1.106274277113038496e+00
8.475616500761110617e-01
-6.776422035349886908e-02
9.307772678175183501e-01
-7.049299755162319325e-02
-2.671309692836802974e-01
-5.789662453916692986e-01
-7.976917906585589968e-01
7.737167234677777561e-01
-1.802497018487352998e+00
-1.198564347603315428e+00
4.231887175753917263e-01
8.238629138721642597e-01
-7.731737338423032291e-02
-6.927590572350712517e-01
-1.911749746522919180e+00
1.109069345697591746e+00
1.934976341318821735e-01
5.623424051666225942e-01
8.480091560291479480e-01
-1.047775498738038991e+00
1.218515715850120529e+00
3.808688136261337287e-01
7.512636147364248895e-01
4.240261524442480168e-01
-5.114918503976306763e-01
-1.839215373947817644e+00
2.274658421560645238e-01
3.020613352327157775e-01
-5.677659151999034925e-01
-1.157999445387281057e+00
9.128192615504484575e-01
-1.006529527356940096e-01
1.749542040085951378e+00
-3.295560583722950132e-01
-2.664938299054747106e-01
1.101027053802485112e+00
-1.292104742466107167e-02
5.605540946193399154e-02
-1.054266222280646481e+00
6.777335923862268796e-01
2.428735322015819834e-02
3.446647229885977937e-01
9.416975415470026922e-01
-9.969018534655189612e-01
8.374765369726461239e-01
4.523292467311420401e-03
2.523050608354020508e-01
-6.462417324549643016e-01
-3.721687760683311530e-01
4.324148431138125082e-01
7.658260990985867878e-01
-3.339508418143721791e-01
-1.580605914132867218e+00
1.215471496374347815e+00
-1.329675171942462875e+00
7.561045330432785150e-01
4.742757815235887908e-01
-7.410183305184304681e-01
1.777065257943939436e-01
1.494731780540225596e+00
3.003933110063986556e-01
1.519207260518188329e+00
-1.357278077538788541e-01
6.156155712462368923e-01
1.015149403705075892e+00
-7.964874005320027317e-02
3.043796295056202528e-01
-7.021066579432362342e-01
3.047340742157185201e-01
-3.172483639120856069e-01
-3.782831966898320131e-01
-1.499492734549751072e+00
-2.842205246307413224e-01
5.595211291868793513e-01
1.960018713510106592e-01
-8.034780881197955971e-01
-9.931583699033182944e-01
5.541364081132917896e-01
1.711333476195461278e-01
2.236709503669703503e-01
-4.648739788190550670e-01
5.400313665015594733e-01
1.725098916825628992e+00
-1.066522332873270917e+00
-2.924241884300411987e-01
6.598417056320008411e-01
9.563363418094680823e-02
9.914209592289864315e-01
3.557624589392615055e-01
9.378353939760839530e-01
3.338467105978364102e-02
1.397163421643217163e-01
4.558268569813120341e-01
6.662115154570369402e-01
-1.192104069236478381e+00
1.418595322764465205e+00
-3.607428581196214235e-01
1.543953150093159143e-01
-1.410789982221034577e+00
9.156474589939325170e-01
-1.170725370921869901e+00
-2.315077938276817737e-01
-1.753607441643135090e+00
-1.207051565506103291e-01
-1.102497219657999405e+00
-6.819525508564214800e-01
1.447956919188611025e+00
-4.765928569459601527e-01
-7.892484022581133241e-01
5.589111692564769918e-01
-1.492630987211213123e-01
-4.432109069699566306e-01
2.107970828682989572e-01
8.944759461745391826e-01
-9.088939028413134391e-01
1.373120461737797893e+00
-1.388401248543178923e+00
1.330053095686368758e-01
3.590183797841487445e-01
6.416300848099069087e-01
6.181346693575764384e-01
-8.436258022947991098e-01
-5.685164305517713679e-01
-2.851772476048366339e-03
9.122141301903556598e-02
5.931074608833847295e-01
-1.730559954679325094e-02
-1.387680333110433484e+00
-3.549985977098437662e-01
1.022067961397143065e+00
7.291656257016088105e-01
2.975094921148216387e-01
-7.151931437118682622e-01
-6.750666202497634938e-01
1.122333158116292307e+00
3.396266504579798506e-01
1.098676198239695451e-01
-1.771569662458817529e+00
-1.591211861679660000e+00
1.107631477488615124e+00
1.551798328565996976e-01
7.997194832435957634e-01
5.402542934892691218e-01
-1.498154385046522596e-01
-2.546154444447109366e+00
-1.233052786899108355e+00
8.139119093512482417e-01
1.478836319819378131e+00
2.460596485300555192e-01
-6.251879752181744854e-01
9.039545885022939320e-01
1.151622037548216015e+00
-2.445121886761145724e-01
-9.240505558287180898e-01
-8.309200508176639577e-01
-1.681926315986156828e+00
1.461722611504223446e+00
-2.743716515214171814e-01
-1.442016480308659698e+00
1.387134566558284043e-01
-1.101552354185199478e+00
-2.102251992646912537e+00
-6.717674341033053054e-02
7.618672120840853934e-02
8.002496434918672241e-01
1.055226489087870423e+00
1.097347320101594859e-01
3.650968160211695568e-01
2.888899185475322096e+00
-5.959725683505053828e-01
1.109710640289540973e-01
1.348849215480626695e-01
2.643826270310219440e-01
-9.274285532554489286e-01
-3.487313313703186979e-01
-1.841722969070089588e+00
-6.898745143117075429e-01
4.091599308690205272e-02
-1.201013530487194059e+00
-1.415218929012682203e+00
-5.434751487285014449e-01
-1.126308137707222601e+00
-3.750023537737722235e-01
4.458330666472176684e-01
-1.358808247878881215e+00
1.390335437891588866e+00
-7.469226105198638610e-01
-1.014845297096678811e+00
-1.406099156438735287e+00
6.111904062329193144e-01
-1.078543142501943858e-01
5.154300468860728568e-01
-2.736049297171728734e-01
-1.306832526453431065e+00
1.575029302392763730e+00
7.599313367480625692e-01
-9.973951145931077011e-01
1.203268568313126119e-03
-1.731571188527780025e+00
1.832068737931760172e+00
-8.242936681574748459e-01
-4.927499581323498135e-02
-1.984900609382975079e+00
1.195023388793144958e+00
-9.009272390530040919e-01
-1.878236307657080439e-01
-4.132898485565913299e-03
-6.162388371678805266e-01
-3.257828464238758381e-01
2.440306765386364707e-01
6.909132137360476378e-01
7.006579355604622972e-01
1.186063682953692799e+00
-2.020854081091238985e+00
-1.758291429189479671e-01
-6.019129073784634798e-01
-8.184331396169189921e-01
5.117341383388829268e-01
-9.039286454994970299e-01
9.501886514026774977e-01
9.337830099582047350e-01
-6.466629143243171063e-01
-1.144779545695085332e+00
1.086561016992244610e+00
1.844049528749213351e+00
7.981968500882518081e-01
-1.000732966604282459e-01
9.277394269871013233e-01
-1.387392755096996222e+00
1.731360420824762381e-01
-3.810289557955144346e-01
2.728216751330016510e-01
7.221014421368999736e-01
-1.432141416004725221e+00
4.038356849178428298e-01
-8.399166052603098676e-01
-9.732386947337046124e-01
1.731247787246696257e+00
-8.538136768947766075e-01
5.828905430181537950e-01
-7.845618647795375988e-01
-2.260145855420012118e-01
-1.487210005486700792e+00
-1.559891982357298756e+00
-1.707716600631968173e+00
-8.685101752423818322e-02
9.426635803672243075e-01
1.552870618940650482e+00
-1.339042951345894572e-01
1.427089990294169164e+00
-1.864400330003731066e+00
9.742153281297786238e-01
-2.582138828862052260e-01
1.819739449283486743e-01
-1.917117117242836066e+00
-2.026350140987170367e-01
1.548254133276161515e-01
-1.689757363292501369e+00
-3.270534411671435215e-01
1.558604626560180728e+00
-2.500767513980639567e-01
7.671785372055416330e-01
-2.559909908654206534e-01
-1.589174640911686698e+00
1.038086846106598848e+00
2.374151196620565007e-01
-1.224924960199730517e+00
8.079631698635451054e-01
-1.023700784386278650e+00
4.723092472604571435e-01
-5.624280287539159540e-01
-1.396073455438444855e+00
-2.852732968363512200e-01
-3.753563496803110633e-01
5.120414621472504368e-01
-1.285447681464279679e+00
-1.788753391977278451e+00
-1.785643751271969448e-01
6.576481043026398687e-01
-1.035354810201080333e+00
-6.121186818930665074e-01
-1.839214345910326065e-01
5.848534755927783380e-01
2.407699836080522959e-01
1.009640473432176666e+00
1.406297734581776759e-01
-8.959889103389215848e-01
1.374108351706328501e-01
-7.005233014370536582e-01
1.848875631049287982e+00
-9.521492435510499064e-01
1.015501402743037573e+00
2.771581927117302557e-01
-1.331015543861411077e+00
-4.509183065957212966e-01
-3.585006306174223084e-03
6.703286816152282945e-01
4.795734393289811659e-01
-4.267773088613538990e-01
7.853837635484774982e-01
-7.277047653172605823e-01
-1.506403997679937046e-01
-1.987644942098476877e-02
4.642415085942541153e-01
8.496662043526944652e-01
-1.535578795621247439e+00
1.646736597352945086e+00
-9.908294468760312501e-01
1.161016987850929549e+00
-4.116032005528375559e-01
1.315272369370722894e+00
2.383989538591070323e-01
7.681493572669360892e-02
7.534887261445861739e-01
7.472173656885922055e-01
1.152891532253864926e-01
-3.429889458937783742e-01
6.833666135558396082e-01
2.491438825223651343e-01
-1.296579716341859312e+00
-9.564432998853480417e-01
-9.842689199824277146e-01
1.137748176749773465e+00
3.164066176003465514e-01
7.855275643785329664e-02
1.307324490376581938e+00
-1.018948799857252174e+00
4.923223288587793428e-03
-8.938623258449951425e-01
7.746218823098304229e-01
4.153665590218907910e-01
1.369827926639375359e+00
4.007633988178425644e-01
-8.003866298598369400e-02
5.609597438010369697e-01
-1.053808489480146493e+00
4.365073888800301005e-01
-1.239286786620011238e+00
1.706397271466657317e+00
-4.857912024563784126e-01
-7.854648727517874462e-01
-1.957291868519912326e+00
-9.113174136072781373e-01
6.834454580024414971e-01
-9.157590135655573338e-01
7.248872582189052061e-01
5.107486601153634620e-01
1.663488979045206539e+00
-9.206274330195981515e-01
-9.081310535384390370e-01
1.134928503600127536e+00
6.639188552576930080e-01
-1.209357916624783424e+00
1.760808094987174888e-01
1.497622841532187055e+00
-3.676116208802273078e-01
1.192339967589587824e+00
-8.040219500985666956e-01
1.086328030802759192e+00
1.917167139838821602e-02
7.889853719307657887e-01
-1.232473326142186076e+00
6.286522072367062286e-02
-3.209632531140875489e-02
5.688794822783055372e-01
1.325966738550674817e+00
6.485816857526035539e-01
3.648783422363588991e-01
-5.779305003333117252e-01
-5.174205235993881713e-01
8.363579225911086379e-01
-9.533655150245923249e-01
1.660394766407424338e+00
3.362580605284767876e-01
1.137302228178668217e+00
-1.528462715132817173e+00
-2.936608975114772258e-01
-3.622785220982579490e-01
5.422232272672783404e-01
4.097727692506513142e-01
5.122490615798054314e-01
1.374652708096826270e+00
-7.085444228526868171e-01
1.920802546499528751e-01
-2.678622888979856898e-01
9.027352024596166924e-01
-8.666582697517087874e-01
7.061489616343338271e-01
-4.462635476486616071e-01
-2.710144564461595684e-01
6.944324875788951967e-01
3.566671160372532068e-01
-2.706258737547468929e-01
-9.675907455702532634e-01
-3.925386798900703522e-01
-2.536949716520391432e-02
-1.313903414132082670e+00
5.000319304439452273e-01
-4.504129267330989617e-01
-6.553727576453904913e-01
-1.156112429802678143e+00
-1.168561476511891017e+00
2.073966311302806731e-01
1.056923923581422287e+00
-1.483145311339046701e+00
1.751494082870076185e-01
4.007896425692235587e-01
1.285599541294098591e+00
1.488448010798733900e+00
7.527128343439970504e-01
-3.999739289896599437e-01
-1.982002495651371543e-01
3.878713537633159403e-01
5.969867470209100357e-01
-1.305754005175469579e-01
3.883109449911619770e-01
-7.589158434649163620e-01
7.254851095573876529e-01
2.815795484785645897e-01
-3.272547368026453851e-01
3.214652609428917396e-01
-8.074496592456648081e-01
1.463977124986505896e+00
4.041500144169678510e-01
-1.838355406769213718e-01
-4.965873894163926883e-01
1.421156463075854637e+00
-4.057094061960572207e-01
9.111084499875319320e-01
7.281207299127050447e-01
-4.104991249641434803e-01
-9.347814959699319859e-01
-1.128196040099421982e+00
-1.563958316256042758e-01
7.557274019915832808e-01
1.696386662663583289e+00
1.155980964425705748e-01
1.065612963840789629e+00
-1.363821397663836033e+00
1.319749582490317152e+00
7.893672916529063111e-01
-1.598717537067271821e-01
6.098169257868854554e-02
3.511187767686668737e-01
5.263865584127249697e-01
-1.446768722589954814e+00
-3.571370632878562712e-01
3.414060065758773299e-01
-2.409612550279089382e-01
-1.471298722023351990e+00
2.495765533750777809e-01
-1.584159695487739050e+00
-1.405677043142667726e+00
6.077182376860490454e-01
5.770079468997215688e-01
-4.770350390201760216e-01
9.838274279595080746e-03
-5.998986489766322538e-01
2.146654532521391490e-01
-5.525380858180283239e-01
-7.628106422280145349e-02
4.064419702729145656e-01
-1.263281593477809439e+00
-1.152679558405237836e+00
-3.967326929345898479e-01
1.228727337707863354e+00
-1.303592442401672491e+00
-5.657696578166248047e-01
-1.741216248673250200e-01
8.505033632714599223e-01
-7.260760098893815906e-01
-1.083782332566155526e+00
1.388119617421576191e+00
6.171536811510472953e-01
-8.678910791786468293e-01
4.785368845063269760e-01
6.523345350829481415e-01
-3.395253907335318844e-01
3.189913446582464118e-01
6.265286241820002822e-01
-2.500716137207028011e-01
5.427736405144548137e-02
-1.053346079981588357e+00
1.958797410610369827e+00
2.819075983195636764e-03
-8.554125113513025847e-01
-5.257303092810281520e-01
-7.531059291158290758e-01
8.214236502021122766e-01
-1.439999488675321460e-01
-3.611862690359552985e-01
-9.072028184419110852e-01
6.338344653064302836e-01
1.345773937682495314e+00
1.160660726254433284e-01
1.265144144548721317e-01
2.186493903492239474e-02
-8.456994335053960032e-01
5.098318481849928308e-01
1.193669022264972623e+00
-4.307866921539378890e-01
2.199370942711492347e-02
1.595150918430944184e-02
2.296058203511647466e+00
-1.580700677131062326e+00
2.179213744037732381e-01
-4.204310599609734078e-01
6.134841802337922534e-01
-2.472049222692564996e-01
5.114283088084148332e-02
-8.665296525937747907e-01
-2.069954537632563152e-01
-6.931859890356422138e-01
3.263786681847330451e-01
5.370895644885939069e-01
-9.168244438102162164e-01
7.946404107147168050e-01
1.888014468483075525e+00
-4.743419339109357646e-01
9.582723597993431097e-02
1.654319777395053093e+00
-6.251199332431395250e-01
-2.309587965287702716e-01
-1.087086670394017629e+00
-1.486020164928286924e+00
3.067393814298162089e-02
-4.034725907606661055e-01
-5.657526475576507563e-01
-1.136035678531023274e+00
2.114603029221979735e+00
7.443028908506009456e-02
-4.839226859387479873e-01
7.185167528071769727e-01
-1.308778435068677082e+00
-1.166090964150180570e-01
-5.597508126252449812e-02
2.356329076760700136e+00
-1.293332187603043471e+00
4.165517397146639156e-01
-5.026743970525916760e-02
-1.086033395965828152e+00
3.428990106990428832e-02
2.915659037798509212e-01
1.601802055862917129e+00
4.857238983805649002e-01
1.444324408553234296e+00
-5.146024392773088652e-01
7.191657110414434451e-02
1.035370479677684363e+00
-1.713948110335706598e+00
-1.093898515822114170e+00
-2.160864404739655686e+00
-1.612574062610107051e-01
-9.724645759036031345e-01
7.829141142094269146e-01
-7.614228762639279058e-01
4.848765108630758713e-01
-7.388152612755632953e-01
4.980016527588581043e-01
-2.015563426471395303e+00
3.689112594900293973e-01
-1.820834025419417190e-01
-1.317752052721768763e+00
-7.605105286699074263e-01
1.645944144523874941e+00
-8.461469654808187468e-02
-5.951059936921042348e-02
-6.405276526894599920e-01
-2.178349073886557200e-02
-5.164702544394189632e-01
1.234612254418576249e+00
-5.185455204833884224e-01
5.971370945006698738e-02
-1.398394877644556722e+00
1.091544770519537799e+00
2.622346738501603269e+00
1.043710351891772747e+00
-1.364643829997414182e+00
-8.784325509123300790e-01
-6.691852268508156065e-01
-1.756501162996473575e-01
-1.352324518858043279e+00
1.552300535796665493e+00
1.123629614067977345e+00
-1.179782745106901370e-01
3.430022327934786897e-01
-2.078025309029695844e+00
-6.222363574277656184e-01
-1.020700555456734548e+00
6.660315733225010693e-01
-5.668987734984860527e-01
8.232627836109353281e-02
1.372297555926287771e+00
6.020909813631809548e-01
6.363197942398103324e-01
-3.578127960354513526e-01
8.071391756567404263e-01
-7.816788198689932354e-01
1.613263136450340030e+00
7.030092998952907068e-01
4.676605989247763495e-01
-5.560902718919471521e-01
1.137537781900101574e+00
6.909648990367575072e-01
-1.969976439712041172e-01
-4.449206821094078279e-01
-1.427961393763317044e-01
-1.821690252223636952e-01
-1.868454817174060478e+00
1.885316477779041433e+00
-2.476710374065265452e-01
4.258583181042615018e-01
1.604852653052310618e+00
-1.060448027694212536e+00
5.775184304386611345e-01
-5.688051973735347433e-01
1.622945224565413014e+00
5.078977125852596197e-01
-6.655111616645503769e-01
1.009998113617188720e+00
1.301408719142943315e+00
6.317092378125707119e-01
1.471082523809044140e+00
-9.558955525993811930e-01
1.033756856242160072e-01
-5.185842197919713348e-01
-1.019556797708438767e+00
-8.049796221260013818e-01
-8.835971895640629681e-01
2.010308937108428451e-01
-2.387366698704421197e-01
-6.429220829903354861e-01
-1.511260209979147673e+00
2.524891792348076258e+00
-7.353682231945388725e-01
8.935677410468088055e-01
-1.281089751829004530e+00
3.179629137058414545e-01
-1.494499658414552901e+00
8.327322973035627962e-01
-1.861042873346252957e+00
1.345400320470729438e+00
2.414091445111273604e+00
3.078617999113072434e-01
-1.582803339460070458e-01
-7.359813075577417152e-01
-1.457741441908769975e+00
1.594377088767240380e+00
-2.228318559112502317e+00
1.480900863884396582e-02
3.796425329924434933e-01
-5.958711771701235005e-01
-2.499122022485539829e-01
4.191912295204333061e-01
1.337776962585955687e+00
1.215884518384489521e+00
-1.356893217638805327e+00
1.577215835750809259e+00
4.497527409861594716e-01
6.155043940599596031e-01
-1.654725827839062857e+00
-8.070480660422576502e-01
-1.592060424496339055e-01
-4.655941806331304056e-01
6.059795497407549636e-01
7.726734446930780820e-01
4.191252406084319260e-01
1.816928826904666172e+00
-4.274641336130630687e-01
-5.694954847684989829e-01
9.908906025940751316e-01
1.226145383299727332e+00
-5.719778675324251882e-01
5.761842410641705436e-01
8.533620596530681057e-01
8.783710946815364018e-01
2.411303867385588884e+00
1.552712682179611670e-01
-4.501031785419776221e-01
-7.440898007262953806e-01
7.029132281859767906e-02
-1.715869636060185055e+00
1.056823555240652412e+00
9.462835837831039543e-01
8.548732674322689906e-01
-2.861433331708912453e-01
-1.979626397946821825e+00
-1.552170915048815436e+00
1.056501354242630031e+00
-4.908916749352858488e-01
-1.138355758984722854e+00
-1.577622472652467245e+00
-3.041222298340305330e-01
-1.010228633360736206e+00
-8.573762270036191513e-01
3.609172171249906969e-01
-6.204009803681792556e-01
-2.477848406335473319e-01
5.585905962787037771e-01
-5.985874579192035361e-01
5.300855543829611216e-01
2.590819385846070411e-01
-9.870898667106897673e-02
-3.703496654154692647e-01
-1.538798336230348784e+00
-5.542902622563072867e-01
1.152780601345621547e-01
9.942157647478269689e-02
1.116749319772891713e+00
6.954232983629138332e-01
-9.759149866061505446e-03
-4.765597742011458138e-01
-9.817373302874048413e-01
-1.597643658471424644e+00
1.050403761022679294e+00
8.425817856923747406e-01
1.133104748197668377e+00
-4.661701544753201754e-01
-2.352343466609362554e+00
-7.786660467721665535e-01
1.373053293915935669e+00
-1.039094625210242595e-01
-4.664704811804802898e-01
-9.804180688173391722e-02
-3.436055097214229526e-01
-8.263125674081623906e-01
-2.500275030152736000e-01
4.507398263782358971e-01
-2.669537397604478279e+00
-1.213796627314963184e+00
-6.324190978068900959e-01
1.014331305465538513e+00
3.328728637346263508e-02
-4.017838094782877900e-01
-3.443206156869786927e-01
-8.290882722709959074e-01
8.405290017521904744e-01
-7.815498134152540910e-01
6.866748189355365017e-01
-1.110466976947642181e-01
-6.355671452325427628e-01
1.806440448012169409e+00
-5.252244318686730695e-01
6.922892108079992113e-01
-1.674350487908560892e+00
6.300428828356585687e-01
-1.335454301490939244e+00
-8.265788207046679270e-01
5.712142937809191467e-01
4.542889382516943630e-01
1.908720350326927884e-01
4.459806458803196039e-01
-6.190440694947136890e-01
1.141078201770297229e-01
-1.827644821200923864e-01
-4.190703053542241818e-01
-1.845980298818216570e+00
-1.329427337711809598e-01
-6.896631042442569193e-01
-2.795335487929589413e-01
1.037672459830975003e+00
-4.461146828238453099e-01
2.099820014984475347e-01
-9.194044242304997283e-01
-2.045895627928625837e-01
2.833574835238705791e-01
-8.118182259027519887e-01
3.987186027962392743e-01
-3.279452151008167782e+00
1.152486821371648151e+00
-1.631856985349299238e-01
-8.612949175612623076e-01
1.511479819249670564e+00
1.965598833318701888e-02
-8.978968283433726993e-01
1.984384458114810679e-01
-8.131724620375230250e-01
6.887260541054582852e-01
-9.396122022375132943e-01
1.488159192057094127e-01
1.734397130594234726e+00
-4.489633047387020515e-02
6.972098983148024010e-01
6.654360678287375430e-01
2.183513407887535118e-01
8.284990493702129033e-01
-3.882140286133918539e-02
2.283623451400052518e-01
-1.018886810173110113e+00
-1.871133046595536142e-01
6.862543174268729285e-01
-1.126227371165550162e+00
-7.616960786708373288e-01
-1.383118170175366701e-01
-8.242404977502111318e-01
-1.450514460022846452e-01
1.923243485874040759e-01
9.826558057165933890e-01
2.868510520049654192e-02
1.487792255927696261e-01
3.403102385595261348e-01
1.748587545090411144e+00
-6.655350541482988325e-01
8.910692120768817226e-01
5.257763241133499577e-01
-2.473434359011462691e-01
7.204150320399080876e-01
9.661979963257978365e-01
-5.780013363246300218e-01
-1.124676691894161085e+00
2.074950327129637118e-01
-9.980475307839415944e-01
2.209647589328483264e+00
-7.194766029255904305e-02
-4.093147612326949458e-01
-4.170834532918518134e-01
-1.401172011252624250e+00
6.235959578983164553e-01
-3.490447332218501453e-01
9.144775167866396881e-01
-1.276293201178305414e-01
-3.682685175858325111e-01
3.694427520351413197e-01
6.660301530897018152e-01
1.114988212761653941e+00
-6.779584131199424268e-01
2.407633674164518789e-01
5.044661890730129938e-01
1.836863816614781264e+00
1.428344364246761700e+00
-7.866161983826011062e-01
-2.545528470736566629e-01
1.245283840043255319e+00
1.201887375153932735e-01
-4.765813759622407053e-01
-1.885224119477540428e-01
-9.978714572801050675e-01
-3.121835897973757046e-01
-8.087112211429304809e-01
2.444571694615524371e-01
3.090927169887258685e-01
1.935653402842797410e-01
-2.622615287137447862e-02
4.306218811313006212e-02
-1.162585584916144832e+00
4.137897180431026056e-01
7.363620210460881665e-01
-7.165157511188939843e-01
1.415712740488217936e+00
-7.129990287306091634e-01
-1.467891899593756433e+00
8.246089040466160203e-01
-1.558758632125228916e-01
-8.683814419123114803e-01
1.921595257231905496e+00
9.955748389059446701e-01
2.128494001676099479e-01
2.544527855283096884e-01
-6.592502833636114390e-02
-9.726050868468849586e-01
1.431436693794909898e+00
-1.874582316361138035e-01
9.778526000431236875e-02
8.716972489120983214e-01
4.501638788640735522e-01
7.524521102156512820e-01
1.747692988276418891e-01
1.415572807567527236e-01
-1.569881310560333199e-01
2.578396370757414791e-01
-6.411480526106426714e-01
